0,561
0,386
0,273
0,270
3,2
3,1
3,3
10,191
10,73
10,179
10,173
10,151
10,161
10,155
10,197
9,2
9,3
8,5
8,10
8,2
8,3
13,3
2,2
2,1
2,3
228,3
228,2
228,1
227,4
227,3
227,2
227,1
225,5
225,4
225,3
225,2
225,1
222,3
222,2
222,1
219,3
219,2
219,1
218,3
218,1
217,3
217,1
215,4
215,3
215,1
214,3
214,1
20,3
20,2
20,1
19,3
19,2
19,1
18,3
18,1
14,3
14,1
13,1
12,3
12,2
12,1
11,28
11,27
11,26
11,25
11,24
11,23
11,22
11,21
11,20
11,19
11,18
11,17
11,16
11,15
11,14
11,13
11,12
11,11
11,10
11,9
11,8
11,7
11,6
11,5
11,4
11,3
11,2
11,1
10,292
10,290
10,286
10,283
10,281
10,280
10,271
10,270
10,261
10,260
10,256
10,246
10,235
10,234
10,233
10,227
10,222
10,210
10,206
10,205
10,200
10,198
10,188
10,184
10,177
